GPS notes:

RMC: Time, date, position, course and speed data

$GNRMC,		143257.00,		A,		4712.82720,		N,		01933.15625,		E,		0.234,,280424,,,A*67

$GNVTG,,T,,M,0.234,N,0.434,K,A*3B

$GNGGA,143257.00,4712.82720,N,01933.15625,E,1,11,0.98,147.7,M,38.7,M,,*4E

$GNGSA,A,3,08,10,27,21,32,23,02,,,,,,1.95,0.98,1.69*13
$GNGSA,A,3,67,82,68,66,,,,,,,,,1.95,0.98,1.69*1B

$GPGSV,3,1,09,02,27,284,24,08,70,273,19,10,64,061,34,14,05,332,*7D
$GPGSV,3,2,09,16,12,198,,21,43,288,28,23,27,051,38,27,61,164,40*77
$GPGSV,3,3,09,32,34,126,36*46
$GLGSV,3,1,11,66,15,027,29,67,57,070,32,68,45,161,30,69,03,187,*60
$GLGSV,3,2,11,73,13,261,,74,20,305,,75,06,355,28,81,04,108,16*6E
$GLGSV,3,3,11,82,48,088,38,83,67,357,,84,14,300,*59

$GNGLL,4712.82720,N,01933.15625,E,143257.00,A,A*73

/* === Some other examples === */
$GNRMC,143258.00,A,4712.82722,N,01933.15634,E,0.053,,280424,,,A*69
$GNVTG,,T,,M,0.053,N,0.099,K,A*3B
$GNGGA,143258.00,4712.82722,N,01933.15634,E,1,11,0.98,147.8,M,38.7,M,,*4C
$GNGSA,A,3,08,10,27,21,32,23,02,,,,,,1.95,0.98,1.69*13
$GNGSA,A,3,67,82,68,66,,,,,,,,,1.95,0.98,1.69*1B
$GPGSV,3,1,09,02,27,284,24,08,70,273,23,10,64,061,33,14,05,332,*73
$GPGSV,3,2,09,16,12,198,,21,43,288,32,23,27,051,38,27,61,164,40*7C
$GPGSV,3,3,09,32,34,126,36*46
$GLGSV,3,1,11,66,15,027,30,67,57,070,29,68,45,161,29,69,03,187,*6A
$GLGSV,3,2,11,73,13,261,,74,20,305,,75,06,355,27,81,04,108,15*62
$GLGSV,3,3,11,82,48,088,40,83,67,357,,84,14,300,*56
$GNGLL,4712.82722,N,01933.15634,E,143258.00,A,A*7E

$GNRMC,143259.00,A,4712.82726,N,01933.15646,E,0.098,,280424,,,A*6E
$GNVTG,,T,,M,0.098,N,0.182,K,A*37
$GNGGA,143259.00,4712.82726,N,01933.15646,E,1,11,0.98,148.0,M,38.7,M,,*4B
$GNGSA,A,3,08,10,27,21,32,23,02,,,,,,1.95,0.98,1.69*13
$GNGSA,A,3,67,82,68,66,,,,,,,,,1.95,0.98,1.69*1B
$GPGSV,3,1,09,02,27,284,23,08,70,273,25,10,64,061,32,14,05,332,*73
$GPGSV,3,2,09,16,12,198,,21,43,288,32,23,27,051,38,27,61,164,39*72
$GPGSV,3,3,09,32,34,126,37*47
$GLGSV,3,1,11,66,15,027,31,67,57,070,30,68,45,161,29,69,03,187,*63
$GLGSV,3,2,11,73,13,261,,74,20,305,,75,06,355,27,81,04,108,15*62
$GLGSV,3,3,11,82,48,088,40,83,67,357,,84,14,300,*56
$GNGLL,4712.82726,N,01933.15646,E,143259.00,A,A*7E
